.Random.seed <-
c(403L, 10L, -748930674L, -1745135879L, 301212811L, 579751098L, 
-2070509636L, 478983423L, -115009451L, 1402547052L, 1980679106L, 
-2020244451L, -719489897L, -1412365826L, -383057480L, -456651365L, 
1962365945L, -1061807288L, -1499236746L, -170659919L, 2059047395L, 
930125490L, -209802492L, 880760903L, 973262621L, 189257108L, 
1219754298L, 1518970245L, 1103359583L, 678574310L, 1458568048L, 
-2120672109L, -903083727L, -940584992L, 1040331902L, -678758647L, 
225982779L, -1315873526L, -1288170260L, -368148113L, -1329248603L, 
1832130652L, 1105604658L, 1696687917L, -386144793L, 1870190862L, 
-1221083416L, -1844260629L, 1974784393L, -1139191528L, -799808442L, 
1765502113L, 618984243L, 1677023906L, -1016581740L, 1988427799L, 
522442765L, 97619236L, -365446902L, -899379083L, -564528177L, 
1085582550L, -973349760L, 1208140483L, -1682035615L, -1583346480L, 
-887218642L, -1187291175L, -307298325L, -1175316902L, -606162916L, 
-655176417L, -1919799947L, -1359864820L, -1485636126L, -757580099L, 
-628106953L, 1875836382L, -1850846440L, -1694901637L, 388470809L, 
-1818144600L, -1507945898L, -1329324335L, -1158713725L, -457366254L, 
-666169180L, 1425264743L, -1664507459L, -804787404L, -1394974566L, 
119056101L, 1296879743L, 811534854L, 1739666832L, -1937651661L, 
1110517713L, 1503145344L, 500162654L, 1256099753L, 365237851L, 
324282986L, -965503220L, -2064260785L, -582223355L, 975505596L, 
1675665810L, 871348877L, -30758713L, -450224722L, 2043267080L, 
-1027056629L, -1327515415L, 1878153144L, -1693831066L, -935427839L, 
1464752019L, -1306679230L, 1255309300L, -88090121L, -193229331L, 
-1299915132L, -1113980758L, -1029550571L, 843969199L, -1283782474L, 
-250624288L, -207177181L, 1403708737L, -572254160L, 1545126478L, 
1834968761L, 580707019L, 513512314L, -148061572L, -81692993L, 
-1245053035L, 469874604L, 2006828418L, 2115496797L, 1004758615L, 
-2038975170L, -975723144L, -806070693L, 1282351545L, 644637704L, 
-1087791434L, 353684977L, 12649507L, 546905202L, -727761212L, 
-971220857L, -532956067L, 465904212L, 1567684730L, -652911675L, 
-1062834913L, 1844886694L, -587272656L, -2027612973L, 1682905841L, 
2028522016L, -1619940162L, 592591049L, 1133144699L, 37511242L, 
1577906348L, 69330863L, -1360080027L, -1349596900L, -710266510L, 
1447793133L, -1973586393L, -1863944626L, -813098328L, 1775925419L, 
-1904639543L, -1792684584L, -753214330L, -293699231L, 938919155L, 
-1070658718L, 1745307092L, -1160818473L, -854211891L, 328589924L, 
1676851274L, -1001009739L, -1495330545L, 99642902L, -1176606528L, 
-229417341L, -2059756895L, -1126740848L, 945719150L, 141558041L, 
-534953557L, -594706534L, -849064100L, -894763425L, -588485067L, 
1995263436L, 1687702818L, 446691197L, 304843895L, 25825694L, 
-912611240L, 416929211L, -360883367L, 807553256L, 2131872022L, 
532945553L, 2142000963L, 14672466L, 1408574692L, -644116697L, 
1423928189L, 1684098676L, 387797082L, -1617393499L, -1520543041L, 
673521990L, -433432624L, 789545459L, -104616687L, -971421376L, 
-101574370L, 1962466793L, 818171675L, -1748143156L, 1571567356L, 
601617394L, -1908454272L, -536524556L, -558915448L, -1529679558L, 
-1252127920L, 1115213932L, 195472532L, -891906734L, 10910432L, 
-799310644L, 1328014496L, 1750025602L, 918000872L, -2071747348L, 
1028597820L, 1879026802L, -1537504144L, -1423011292L, -382486984L, 
942449178L, -705508144L, 917163580L, -92059500L, 1656026242L, 
-1126157376L, 1786923324L, 1889537680L, -1647504350L, 1949712392L, 
385795212L, 1429830684L, 1069191314L, 1521589376L, -633238508L, 
253372200L, -1762062278L, -244655920L, 1540980844L, -847587660L, 
-1623917550L, -1183951904L, -1452465204L, 1320471008L, 551983138L, 
1868320040L, -1900494580L, -397917636L, 1689086194L, -1452905232L, 
-1668980924L, -1591739304L, 2058944058L, -1195616016L, -630634820L, 
1571365396L, -906189630L, -1376658848L, -1640013444L, -1457021744L, 
-1693765598L, 1729279144L, -401673844L, 1081012668L, -294294478L, 
1909116736L, -113800524L, 1184693576L, -1346996550L, 1013754640L, 
-1975625492L, 69168212L, -1062948078L, -443896416L, -1388853300L, 
732928864L, 1328843970L, 1587032616L, -1544725076L, 470520636L, 
-785023118L, 2144276272L, -1992201180L, -406629832L, -2133272870L, 
494699408L, -1209777924L, -2032465516L, 1203661634L, -95899136L, 
1268225084L, 1733839440L, 1105499298L, -551545016L, 1018603020L, 
-1361623332L, 1925414994L, -1582235520L, -566418604L, 2004595688L, 
-1800404230L, -1605898416L, 438849580L, -2130103948L, -1077511534L, 
528814688L, 1758506124L, 70573408L, -1642479390L, -135575384L, 
-1410538804L, 621110780L, 734853042L, 1573519344L, 79764932L, 
358744L, -2069435014L, 1414098352L, -394749508L, 989481556L, 
1227283906L, 534330144L, -730817604L, 1991861328L, 228853730L, 
855403368L, 888747852L, -550266116L, 22237938L, -1360060160L, 
-1338325900L, 852556296L, -1983458886L, -827958832L, 377312236L, 
-1175103596L, 1274819794L, 1840631904L, -888034996L, 966168352L, 
1163350658L, -869428760L, -262556692L, -261644740L, 1544438386L, 
-414202000L, -68476636L, 443485752L, -1250861670L, -17205808L, 
268997052L, 1351363220L, -1380133246L, -1049478720L, -381411524L, 
735118992L, 375632674L, -1109996024L, -863545588L, -115662948L, 
71862290L, -440175744L, 2091376404L, -1190078168L, -1840830406L, 
1204250576L, -2011848084L, -792955852L, -1584161646L, 1220339040L, 
-1862102708L, -412134944L, -1286830174L, 924446632L, -199148404L, 
1646975932L, 1253752946L, 800887792L, 1805643844L, 2077643864L, 
-307218374L, -956116880L, 651766332L, 831994644L, -1932374334L, 
-426180896L, -115657604L, 1797726416L, -1916693598L, 480354856L, 
1799019788L, -1423053892L, -2039386830L, 1794749632L, -1726054860L, 
1482790600L, -1426846022L, -2128713584L, 1594469100L, -939699628L, 
1345066642L, -983889120L, -1764799540L, -700930848L, -319460670L, 
-33202136L, 1826890668L, -1520516420L, 724078066L, -1845998032L, 
1561855908L, 1635534264L, 1155909466L, -1735841648L, 1094009724L, 
1554414356L, -1492041406L, -1997548800L, -2036271172L, -1886076080L, 
-393892574L, 2085766728L, -1809577972L, -911476644L, 697549266L, 
1122191590L, 1715682788L, -1748543211L, -1231482561L, 1421294808L, 
-1054067466L, 1119620867L, -1333041083L, -1081276318L, 767016912L, 
1060422905L, 106663467L, 986028444L, 1215146442L, -1734366529L, 
699554825L, 1983733022L, 915554508L, -781835107L, -1559267033L, 
1458750288L, -2035655186L, -97146213L, -568771331L, -655563798L, 
-562695032L, -1501410767L, -1556497245L, -278388572L, 1331171666L, 
2010508455L, 1948731633L, -1142448074L, 994885844L, -1928039323L, 
539913839L, 118722728L, 1289403910L, 769548083L, -1590781035L, 
-1014468622L, -1328296896L, 394311081L, -1089725413L, 1520523756L, 
1179763194L, -1325078993L, 805732921L, 285006926L, -1029847908L, 
-1764280819L, -433669513L, 1574587008L, -1213013794L, -332862549L, 
-1705802579L, 130079002L, 240946648L, 897791553L, -1032819469L, 
1350597396L, -1789846878L, 1949103031L, 1731604353L, 626791814L, 
924104644L, 529226485L, 1771827039L, 394817976L, 1055393942L, 
1790832291L, 2081198181L, 952067458L, 1662424816L, 1727007385L, 
-687083893L, 1898549116L, 501055914L, -373716513L, 9953129L, 
904636286L, 1313533804L, 640504765L, 1753563271L, 1812790384L, 
-2125531378L, 802647099L, 874144541L, 800655818L, -274173208L, 
-728893999L, -616380477L, -1585377084L, 1285885810L, -1013370297L, 
-1707191791L, -845014122L, -1228935436L, -280264571L, -1246435889L, 
1033449672L, 347543910L, 933460883L, -1686985483L, -1459022638L, 
-669613280L, 168483593L, 1084480571L, -919551604L, 128538650L, 
1836344463L, -564499495L, 938691694L, 998780924L, -551418515L, 
1769250583L, -1481572640L, 274922686L, 2000075403L, 1393922317L, 
712561978L, 1839617400L, -1851236575L, 1692858323L, 822763252L, 
1535197058L, -1171159529L, 1920363745L, -712803802L, -677414108L, 
-2086980651L, -1192926337L, 1193592344L, 857951542L, 2004583363L, 
-1519834619L, -1633455710L, -1188883056L, -1677355719L, 1806377451L, 
948921052L, 59098890L, -669316609L, -1696079799L, 1355950558L, 
